DiffclutyNum|2
MissionMapSize|20397,8578
MissionContainerMapSize|2000,2000,3000,3000
MissionSpotMapSize|8000,1500,1500,4000
MissionMapMaxScale|0.3
MissionMapMinScale|0.3
MissionSpotCode|MissionPanelTitle_TheDivision
Mission3dSpotCode|MissionSpot_TheDivision
MissionPathCode|MissionPanelCurve
MissionContainerCode|
MissionContainerReturnCode|
MissionContainerBackgroundCode|
MissionBackgroundCode|
MissionBackground3dCode|MapmanhadunNew
MissionBackgroundCamera|CameraBackground
MissionMoveAngle|10,10
MissionCameraAngle|70,10,50
MissionCenter|-60,-20,-5
MissionSpotAngle|0,0,0
ModelPos|-1700,520,2300
MissionBackgroundPos|0,0,0
MovePanelOffset|300,2900,0
MovePanelScale|0.5
MoveSpotOffset|-2000,-3000,0
MoveSpotScale|1
CameraHeight|-60
CameraField|20
EchoDiatance|500
SelectEffectName|
MissionItemId|
LightColor|FFFFFFFF,FFFFFFFF,FFFFFFFF
MissionBackgroundMoveSpeed|0|0
MissionNodePos|0|-172,0,34
MissionNodePos|1|176,0,26
MissionNodePos|2|0,0,550
MissionSpot|0|10596,10596|-3027,1325,-710|0||0
MissionSpot|1|10597,10608|502,1551,-976|0||0
MissionSpot|2|10598,10609|3703,2141,-1000|0||0
MissionSpot|3|10599,10610|6105,2801,-1200|0||0
MissionSpot|4|10600,10611|7582,3062,-900|0||0
MissionSpot|5|10601,10612|9974,3374,-1200|0||0
MissionSpot|6|10602,10602|1308,4088,-600|0||0
MissionSpot|7|10603,10603|4323,4264,-600|0||0
MissionSpot|8|10604,10604|6725,5043,-600|0||0
MissionSpot|9|10605,10605|8202,5303,-600|0||0
MissionSpot|10|10606,10606|9975,5616,-600|0||0
MissionSpot|11|10607,10607|10704,1481,-600|0||0
MissionSpot3d|1|2|10617|159,4154,1800|-1|M1903|
MissionSpot3d|1|2|10624|-1055,2049,1800|-1|UMP45|
MissionSpot3d|1|2|10620|-1067,1550,1800|-1|M870P|
MissionSpot3d|1|2|10622|-350,582,1800|-1|Vector|
MissionSpot3d|1|2|10614|-889,88,1800|-1|AK47|
MissionSpot3d|2|2|10618|4035,4191,1800|-1|M1903|
MissionSpot3d|2|2|10625|6569,3643,1600|-1|UMP45|
MissionSpot3d|2|2|10621|5610,2876,1500|-1|M870P|
MissionSpot3d|2|2|10623|4810,2337,1800|-1|Vector|
MissionSpot3d|2|2|10615|5081,1641,2200|-1|AK47|
MissionSpot3d|2|2|10628|5794,2511,1800|-1||MissionEcho
MissionSpot3d|3|2|10619|9039,6566,1800|-1|M1903|
MissionSpot3d|3|2|10626|9241,4861,1800|-1|UMP45|
MissionSpot3d|3|2|10629|8430,3703,1800|-1||MissionEcho
MissionSpot3d|3|2|10630|9721,4438,1800|-1||MissionEcho
MissionSpot3d|4|2|10613|10855,6580,1800|-1||
MissionSpot3d|4|2|10616|11040,3686,1800|-1|AK47|
MissionSpot3d|4|2|10631|11394,4560,1800|-1||MissionEcho
MissionSpot3d|-1|2|10627|138,3550,1800|-1|RFB|
MissionSpot3dRoute|0,5|0.15,0.15|99FF00FF,008000FF|159,4154,1300;258,4170,1200;2031,4483,1200;2031,4483,1000;3016,4657,1000;3016,4657,1200;3126,4030,1200;3936,4173,1200;4034,4190,1300
MissionSpot3dRoute|1,6|0.15,0.15|DE8BFFFF,8B008BFF|-1054,2048,1300;-956,2066,1200;516,2326,1200;474,2567,1200;474,2567,1000;6469,3624,1000;6568,3641,1100
MissionSpot3dRoute|2,7|0.15,0.15|FF4500FF,FF0000FF|-1065,1548,1300;-966,1565,1200;-296,1684,1200;-244,1388,1200;1541,1703,1200;1489,1999,1200;1489,1999,1000;4443,2520,1000;4443,2520,900;4418,2664,900;5510,2857,900;5609,2874,1000
MissionSpot3dRoute|3,8|0.15,0.15|FFFF66FF,FFD700FF|-349,581,1300;-250,599,1200;2206,1033,1200;2062,1852,1200;4710,2319,1200;4809,2336,1300
MissionSpot3dRoute|4,9|0.15,0.15|6495EDFF,0000FFFF|-887,87,1300;-789,104,1200;-531,-1353,1200;3401,-661,1200;3058,1282,1200;3058,1282,1600;4980,1621,1600;5079,1638,1700
MissionSpot3dRoute|5,10|0.15,0.15|99FF00FF,008000FF|4034,4190,1300;4132,4207,1200;7087,4727,1200;6832,6176,1200;8939,6548,1200;9038,6565,1300
MissionSpot3dRoute|6,11|0.15,0.15|DE8BFFFF,8B008BFF|6568,3641,1100;6666,3659,1000;9621,4180,1000;9493,4904,1000;9493,4904,1200;9141,4843,1200;9240,4860,1300
MissionSpot3dRoute|9,13|0.15,0.15|6495EDFF,0000FFFF|5080,1640,1700;5178,1657,1600;8133,2177,1600;7963,3142,1600;7963,3142,1200;10940,3668,1200;11039,3686,1300
MissionPath|1,6|1,0|1486,1725,-976|137,3619,-600
MissionPath|2,7|1,0|4688,2315,-1000|3338,4209,-600
MissionPath|3,8|1,0|7090,2975,-1200|5740,4869,-600
MissionPath|4,9|1,0|8567,3235,-900|7217,5130,-600
MissionPath|5,10|1,0|10959,3547,-1200|9609,5442,-600
MissionPath|5,11|1,0|10959,3547,-1200|10320,1413,-600
MissionPath|0,1|1,0|-1549,1585,-510|-975,1291,-1176
MissionPath|1,2|1,0|1979,1812,-776|2226,1881,-1200
MissionPath|2,3|1,0|5180,2402,-800|4628,2541,-1400
MissionPath|3,4|1,0|6582,3062,-1100|6605,2801,-1000
MissionPath|4,5|1,0|9059,3322,-700|8497,3113,-1400


//MissionPoliPath|0,1|1,1|-2258,1331,-1500;666,1846,-1500
//MissionPoliPath|1,2|1,1|666,1846,-1500;4427,2508,-1500
//MissionPoliPath|2,3|1,1|4427,2508,-1500;6090,2803,-1500
//MissionPoliPath|3,4|1,1|6090,2803,-1500;7459,3044,-1500
//MissionPoliPath|4,5|1,1|7459,3044,-1500;9332,3373,-1500
ShowRuler|0